    -2.9101128034        0.0000000000
       -2.6782376084        0.0000000000
       -2.4463624134        0.0000000000
       -2.2144872184        0.0000000000
       -1.9826120234        0.0000000000
       -1.7507368285        0.0000000000
       -1.5188616335        0.0000000000
       -1.2869864385        0.0000000000
       -1.0551112435        0.0000000000
       -0.8232360485        0.0000000000
       -0.5913608535        0.0000000000
       -0.3594856585        0.0000000000
       -0.1276104635        0.0000000000
        0.1042647315        0.0000000000
        0.3361399265        0.0000000000
        0.5680151215        0.0000000000
        0.7998903165        0.0000000000
        1.0317655115        0.0000395680
        1.2636407065        0.0001611914
        1.4955159015        0.0002871943
        1.7273910964        0.0004481240
        1.9592662914        0.0006200197
        2.1911414864        0.0008115074
        2.4230166814        0.0010081458
        2.6548918764        0.0012292735
        2.8867670714        0.0014939000
        3.1186422664        0.0017545913
        3.3505174614        0.0020437600
        3.5823926564        0.0023638785
        3.8142678514        0.0026916448
        4.0461430464        0.0030539792
        4.2780182414        0.0034531330
        4.5098934364        0.0038654878
        4.7417686314        0.0043020218
        4.9736438264        0.0047547378
        5.2055190213        0.0052518767
        5.4373942163        0.0057840078
        5.6692694113        0.0063406520
        5.9011446063        0.0068996069
        6.1330198013        0.0075125980
        6.3648949963        0.0081705820
        6.5967701913        0.0088356510
        6.8286453863        0.0095497269
        7.0605205813        0.0103069785
        7.2923957763        0.0110652319
        7.5242709713        0.0118921821
        7.7561461663        0.0127820860
        7.9880213613        0.0136702586
        8.2198965563        0.0145917030
        8.4517717513        0.0156057998
        8.6836469463        0.0166482074
        8.9155221412        0.0177289050
        9.1473973362        0.0188853025
        9.3792725312        0.0200583184
        9.6111477262        0.0213054926
        9.8430229212        0.0226424660
       10.0748981162        0.0240054201
       10.3067733112        0.0254441661
       10.5386485062        0.0269563546
       10.7705237012        0.0285350469
       11.0023988962        0.0302132153
       11.2342740912        0.0319784925
       11.4661492862        0.0337989415
       11.6980244812        0.0357088741
       11.9298996762        0.0377928709
       12.1617748712        0.0399436159
       12.3936500661        0.0421945538
       12.6255252611        0.0445816959
       12.8574004561        0.0471404820
       13.0892756511        0.0498478854
       13.3211508461        0.0527091051
       13.5530260411        0.0557795303
       13.7849012361        0.0589794977
       14.0167764311        0.0625656975
       14.2486516261        0.0662768381
       14.4805268211        0.0704049241
       14.7124020161        0.0747608929
       14.9442772111        0.0797607886
       15.1761524061        0.0850424243
       15.4080276011        0.0911787862
       15.6399027961        0.0982078456
       15.8717779910        0.1066122462
       16.1036531860        0.1173922296
       16.3355283810        0.1369987643
       16.5674035760        0.1463127836
       16.7992787710        0.1487325939
       17.0311539660        0.1509499454
       17.2630291610        0.1528759240
       17.4949043560        0.1548541276
       17.7267795510        0.1569259359
       17.9586547460        0.1590780588
       18.1905299410        0.1611547743
       18.4224051360        0.1631394178
       18.6542803310        0.1653814697
       18.8861555260        0.1673829064
       19.1180307210        0.1693739923
       19.3499059160        0.1717003573
       19.5817811109        0.1736203071
       19.8136563059        0.1758953302
       20.0455315009        0.1779882535
       20.2774066959        0.1801721768
       20.5092818909        0.1822613277
       20.7411570859        0.1845283756
       20.9730322809        0.1866997133
       21.2049074759        0.1888508091
       21.4367826709        0.1913196677
       21.6686578659        0.1933921718
       21.9005330609        0.1957521217
       22.1324082559        0.1982711580
       22.3642834509        0.2006287082
       22.5961586459        0.2031622468
       22.8280338409        0.2056896200
       23.0599090358        0.2084396539
       23.2917842308        0.2115528215
       23.5236594258        0.1890176962
       23.7555346208        0.1767267579
       23.9874098158        0.1683805157
       24.2192850108        0.1620299743
       24.4511602058        0.1575412024
       24.6830354008        0.1537316887
       24.9149105958        0.1498002308
       25.1467857908        0.1478424802
       25.3786609858        0.1451472154
       25.6105361808        0.1435414286
       25.8424113758        0.1422362442
       26.0742865708        0.1412365255
       26.3061617658        0.1409993466
       26.5380369608        0.1406415086
       26.7699121557        0.1414353027
       27.0017873507        0.1414847862
       27.2336625457        0.1444691719
       27.4655377407        0.1473930407
       27.6974129357        0.1520924175
       27.9292881307        0.1571293040
       28.1611633257        0.1610900807
       28.3930385207        0.1556863494
       28.6249137157        0.1579128270
       28.8567889107        0.1648103250
       29.0886641057        0.1763374165
       29.3205393007        0.1913723057
       29.5524144957        0.2213562919
       29.7842896907        0.2768516437
       30.0161648857        0.3046967893
       30.2480400806        0.2395671232
       30.4799152756        0.2006837811
       30.7117904706        0.1721600997
       30.9436656656        0.1518936640
       31.1755408606        0.1354542077
       31.4074160556        0.1147743990
       31.6392912506        0.1270791424
       31.8711664456        0.1470819556
       32.1030416406        0.2134122496
       32.3349168356        0.1723930948
       32.5667920306        0.1527788282
       32.7986672256        0.1711433146
       33.0305424206        0.1934157557
       33.2624176156        0.2222439067
       33.4942928106        0.2571198796
       33.7261680055        0.3070779696
       33.9580432005        0.3775830216
       34.1899183955        0.4226646269
       34.4217935905        0.4601535683
       34.6536687855        0.4377674075
       34.8855439805        0.4091682575
       35.1174191755        0.4168121595
       35.3492943705        0.4330318742
       35.5811695655        0.4571730403
       35.8130447605        0.5087675728
       36.0449199555        0.6111062509
       36.2767951505        0.8292927108
       36.5086703455        0.7732378385
       36.7405455405        0.9098018795
       36.9724207355        0.6778717016
       37.2042959305        0.4318701775
       37.4361711254        0.3654844711
       37.6680463204        0.3137561152
       37.8999215154        0.2824945452
       38.1317967104        0.2600300614
       38.3636719054        0.2428907565
       38.5955471004        0.2296570540
       38.8274222954        0.2227864519
       39.0592974904        0.2179788955
       39.2911726854        0.5573188148
       39.5230478804        0.0787208177
       39.7549230754        0.0000000000
       39.9867982704        0.0000000000
       40.2186734654        0.0000000000
       40.4505486604        0.0000000000
       40.6824238554        0.0000000000
       40.9142990503        0.0000000000
       41.1461742453        0.0000000000
       41.3780494403        0.0000000000
       41.6099246353        0.0000000000
       41.8417998303        0.0000000000
       42.0736750253        0.0000000000
       42.3055502203        0.0000000000
       42.5374254153        0.0000000000
       42.7693006103        0.0000000000
       43.0011758053        0.0000000000
       43.2330510003        0.0000000000
       43.4649261953        0.0000000000
